1360 4
1708
2943 8
4060
6784 17
7979
10417 25
14424
17782 36
18240
19150 39
19250
19856 41
21051
21657 43
21761
22367 45
23570
27848 59
28932
32309 70
32767
33669 73
33771
34377 75
35979
36577 77
36683
37281 79
38891
43165 93
44218
47583 104
48041
48951 107
49045
49651 109
50597
51203 111
51301
51907 113
52861
57153 127
59423
62814 138
63272
64182 141
64280
64886 143
65512
66118 145
66220
66826 147
67460
70866 158
71373
71978 160
73526
73826 158
73932
75782 167
75794
77353 172
77385
78614 172
78653
